   time            data
   0.0000000e+00   8.8779756e+00
   1.0000000e-02  -6.9684526e+00
   2.0000000e-02   4.1664455e+00
   3.0000000e-02   5.0414903e-01
   4.0000000e-02   4.4155012e+00
   5.0000000e-02   3.4981290e+00
   6.0000000e-02  -1.1597417e+01
   7.0000000e-02   1.6583967e+01
   8.0000000e-02   3.9921801e-01
   9.0000000e-02   1.3491939e+00
   1.0000000e-01  -7.6424454e+00
   1.1000000e-01   1.3597638e+01
   1.2000000e-01  -8.4616393e+00
   1.3000000e-01   4.9315722e+00
   1.4000000e-01  -8.8148265e-01
   1.5000000e-01   7.7090646e+00
   1.6000000e-01  -2.1516504e+00
   1.7000000e-01   7.2359307e+00
   1.8000000e-01  -1.7977229e+01
   1.9000000e-01   7.9628362e+00
   2.0000000e-01   4.8487070e+00
   2.1000000e-01  -2.2377617e+00
   2.2000000e-01   8.6104002e+00
   2.3000000e-01  -5.3970094e+00
   2.4000000e-01   7.6516123e-01
   2.5000000e-01   2.6263121e+00
   2.6000000e-01  -1.2440197e+00
   2.7000000e-01  -1.4894024e+00
   2.8000000e-01  -3.6542862e+00
   2.9000000e-01  -2.9960705e+00
   3.0000000e-01   7.6129404e+00
   3.1000000e-01  -1.2654932e+01
   3.2000000e-01   1.0109722e+01
   3.3000000e-01  -9.6368734e+00
   3.4000000e-01   4.0268854e+00
   3.5000000e-01   1.2867818e+00
   3.6000000e-01  -7.3634069e+00
   3.7000000e-01  -5.5159695e+00
   3.8000000e-01   9.0504363e+00
   3.9000000e-01  -1.8416098e-01
   4.0000000e-01  -3.6520895e-02
   4.1000000e-01  -1.3676682e+01
   4.2000000e-01   8.0763292e+00
   4.3000000e-01  -4.4467258e+00
   4.4000000e-01   2.4071885e-01
   4.5000000e-01   5.1498759e+00
   4.6000000e-01  -1.3119382e+01
   4.7000000e-01   6.9918119e-01
   4.8000000e-01   1.4433507e-01
   4.9000000e-01   2.6736923e+00
   5.0000000e-01  -1.0021752e-01
   5.1000000e-01  -8.5031306e+00
   5.2000000e-01  -6.2689422e-01
   5.3000000e-01   1.2038255e+00
   5.4000000e-01   1.1626749e+00
   5.5000000e-01  -7.1437718e+00
   5.6000000e-01  -4.0267664e+00
   5.7000000e-01   3.8890331e+00
   5.8000000e-01  -9.4438392e+00
   5.9000000e-01   6.5785191e+00
   6.0000000e-01  -1.1948420e+01
   6.1000000e-01   8.9909086e+00
   6.2000000e-01  -1.0589361e+01
   6.3000000e-01   5.6957023e+00
   6.4000000e-01  -9.1607747e+00
   6.5000000e-01   2.8143321e+00
   6.6000000e-01  -1.7035571e-01
   6.7000000e-01  -9.9877616e-01
   6.8000000e-01  -6.0363266e+00
   6.9000000e-01   9.3795003e+00
   7.0000000e-01  -1.9569309e+01
   7.1000000e-01   2.1555066e+01
   7.2000000e-01  -9.5966003e+00
   7.3000000e-01  -6.4954654e+00
   7.4000000e-01   7.3099161e+00
   7.5000000e-01  -1.4011368e+00
   7.6000000e-01  -4.2680004e+00
   7.7000000e-01  -1.5780902e+00
   7.8000000e-01  -7.5500159e+00
   7.9000000e-01   3.1715508e+00
   8.0000000e-01   4.1119583e-01
   8.1000000e-01  -2.0568915e+00
   8.2000000e-01  -5.3211368e+00
   8.3000000e-01   9.0259291e+00
   8.4000000e-01  -1.0622851e+01
   8.5000000e-01   7.7980982e+00
   8.6000000e-01   1.0066334e+00
   8.7000000e-01  -4.0900996e+00
   8.8000000e-01  -1.2504829e+00
   8.9000000e-01   1.5946126e+01
   9.0000000e-01  -1.4021698e+01
   9.1000000e-01   5.2140670e+00
   9.2000000e-01  -5.6665113e+00
   9.3000000e-01   5.1832052e+00
   9.4000000e-01  -1.5376861e+00
   9.5000000e-01  -4.0620477e+00
   9.6000000e-01   3.8516583e+00
   9.7000000e-01  -9.7461232e-01
   9.8000000e-01   3.9072747e+00
   9.9000000e-01  -4.0061221e+00
   1.0000000e+00   5.3325429e+00
   1.0100000e+00  -4.9743324e+00
   1.0200000e+00   5.9454026e-01
   1.0300000e+00  -1.1567617e+00
   1.0400000e+00   5.7636367e+00
   1.0500000e+00  -5.9251225e+00
   1.0600000e+00   3.8219773e+00
   1.0700000e+00   2.3876333e+00
   1.0800000e+00  -1.1901307e+00
   1.0900000e+00   4.2086197e+00
   1.1000000e+00  -9.8889888e+00
   1.1100000e+00   6.8926382e+00
   1.1200000e+00  -5.3946132e+00
   1.1300000e+00   4.1295192e+00
   1.1400000e+00  -1.5842299e+00
   1.1500000e+00   4.6962423e+00
   1.1600000e+00  -2.4148090e+00
   1.1700000e+00   5.7079785e-01
   1.1800000e+00   4.2926992e+00
   1.1900000e+00   5.1908270e+00
   1.2000000e+00  -6.8683149e+00
   1.2100000e+00  -4.0145014e+00
   1.2200000e+00  -1.1303121e-01
   1.2300000e+00   8.5308403e+00
   1.2400000e+00  -1.2073356e+01
   1.2500000e+00   6.8087514e+00
   1.2600000e+00  -3.0729327e+00
   1.2700000e+00   3.2927336e+00
   1.2800000e+00   1.7560028e+00
   1.2900000e+00   2.0845037e+00
   1.3000000e+00  -6.9593870e+00
   1.3100000e+00   4.0879353e+00
   1.3200000e+00  -6.3656141e+00
   1.3300000e+00   6.6495333e-01
   1.3400000e+00  -4.1727027e+00
   1.3500000e+00   6.5645292e+00
   1.3600000e+00   2.0702614e+00
   1.3700000e+00  -3.4613341e+00
   1.3800000e+00   2.6280396e+00
   1.3900000e+00   3.9439853e+00
   1.4000000e+00  -5.0265547e+00
   1.4100000e+00  -1.8875711e+00
   1.4200000e+00   8.4252143e-01
   1.4300000e+00  -1.4239765e+00
   1.4400000e+00   7.9434499e+00
   1.4500000e+00  -9.8586680e+00
   1.4600000e+00   5.4598270e-01
   1.4700000e+00   1.5731059e+00
   1.4800000e+00  -2.7839730e+00
   1.4900000e+00  -4.8159236e+00
   1.5000000e+00   2.5390413e+00
   1.5100000e+00  -3.0257128e+00
   1.5200000e+00  -1.4859071e+00
   1.5300000e+00  -3.6619394e+00
   1.5400000e+00   7.0363518e+00
   1.5500000e+00   3.3056487e+00
   1.5600000e+00  -9.5862768e+00
   1.5700000e+00   1.2452843e+01
   1.5800000e+00  -2.4742716e+00
   1.5900000e+00   1.2011012e+00
   1.6000000e+00  -9.3864545e+00
   1.6100000e+00   1.1274958e+01
   1.6200000e+00  -4.7381535e+00
   1.6300000e+00   7.9569968e+00
   1.6400000e+00  -8.2426496e+00
   1.6500000e+00   6.5362154e+00
   1.6600000e+00  -1.0933334e+01
   1.6700000e+00   9.9679892e+00
   1.6800000e+00  -1.0451592e+00
   1.6900000e+00  -7.1244462e+00
   1.7000000e+00   9.0187445e-01
   1.7100000e+00   6.7585349e+00
   1.7200000e+00   2.7918969e+00
   1.7300000e+00  -3.4290888e+00
   1.7400000e+00   4.7047384e+00
   1.7500000e+00  -1.0758206e+00
   1.7600000e+00   1.4573310e+00
   1.7700000e+00  -2.6373018e-02
   1.7800000e+00   4.1551229e+00
   1.7900000e+00  -1.6504908e+00
   1.8000000e+00   8.2715404e+00
   1.8100000e+00  -6.5559041e+00
   1.8200000e+00  -7.1460702e+00
   1.8300000e+00   1.7757966e+01
   1.8400000e+00  -5.3247898e+00
   1.8500000e+00   5.5503718e+00
   1.8600000e+00  -4.3280764e+00
   1.8700000e+00   4.4197464e+00
   1.8800000e+00   7.2556018e+00
   1.8900000e+00  -3.4786022e+00
   1.9000000e+00   4.9668334e-01
   1.9100000e+00  -3.7247333e+00
   1.9200000e+00   8.4320978e+00
   1.9300000e+00   6.2152660e-01
   1.9400000e+00   7.3703449e+00
   1.9500000e+00  -1.1042150e+01
   1.9600000e+00   1.3285286e+01
   1.9700000e+00  -7.4796481e+00
   1.9800000e+00   6.5716555e+00
   1.9900000e+00   4.8005316e+00
   2.0000000e+00  -3.6751485e+00
   2.0100000e+00   1.5338031e+00
   2.0200000e+00   6.5236593e-01
   2.0300000e+00   9.0283509e+00
   2.0400000e+00  -4.3935554e+00
   2.0500000e+00   9.4011665e+00
   2.0600000e+00  -6.1260708e+00
   2.0700000e+00  -3.4134541e+00
   2.0800000e+00   7.9836241e+00
   2.0900000e+00   4.5625331e+00
   2.1000000e+00   1.0418109e+00
   2.1100000e+00   1.4907979e-01
   2.1200000e+00   3.9200193e+00
   2.1300000e+00  -4.5474484e+00
   2.1400000e+00   6.6387602e-01
   2.1500000e+00   6.0119101e+00
   2.1600000e+00  -5.3751384e-01
   2.1700000e+00  -4.4325373e+00
   2.1800000e+00   2.1880626e+00
   2.1900000e+00  -2.3482896e+00
   2.2000000e+00   7.9329475e+00
   2.2100000e+00   3.6395099e+00
   2.2200000e+00  -8.9683796e+00
   2.2300000e+00   3.1173889e+00
   2.2400000e+00  -5.6604283e-01
   2.2500000e+00   5.8046043e-01
   2.2600000e+00  -5.3730394e+00
   2.2700000e+00   6.1586298e+00
   2.2800000e+00  -4.8221600e-01
   2.2900000e+00   1.5532387e+00
   2.3000000e+00   1.4203605e+00
   2.3100000e+00  -2.8194633e+00
   2.3200000e+00  -3.2695336e+00
   2.3300000e+00   5.6955764e+00
   2.3400000e+00  -1.0912315e+01
   2.3500000e+00   2.1141616e+00
   2.3600000e+00   1.7067507e+00
   2.3700000e+00  -4.0136315e+00
   2.3800000e+00   3.7933803e+00
   2.3900000e+00  -6.5240427e+00
   2.4000000e+00   4.4425885e+00
   2.4100000e+00  -1.3708667e+00
   2.4200000e+00  -2.5276067e+00
   2.4300000e+00  -2.6152529e+00
   2.4400000e+00  -1.6051373e+00
   2.4500000e+00   1.9844868e+00
   2.4600000e+00  -8.4050039e+00
   2.4700000e+00   2.5059104e+00
   2.4800000e+00  -1.1496863e+01
   2.4900000e+00   5.1711134e+00
   2.5000000e+00  -5.2481350e+00
   2.5100000e+00   8.5546173e+00
   2.5200000e+00  -1.3634696e+01
   2.5300000e+00   3.8250375e+00
   2.5400000e+00  -8.9217452e+00
   2.5500000e+00   1.0743809e+01
   2.5600000e+00  -7.0908164e+00
   2.5700000e+00  -2.0876577e+00
   2.5800000e+00  -1.4570626e+00
   2.5900000e+00  -5.0215006e+00
   2.6000000e+00  -1.1682799e+00
   2.6100000e+00  -2.8028433e+00
   2.6200000e+00   1.3210400e+01
   2.6300000e+00  -3.3016291e+00
   2.6400000e+00  -1.4148405e+01
   2.6500000e+00   4.5388998e-01
   2.6600000e+00  -8.3699367e+00
   2.6700000e+00   3.5059652e+00
   2.6800000e+00   5.3663070e+00
   2.6900000e+00  -5.3404840e+00
   2.7000000e+00  -9.4462793e+00
   2.7100000e+00   1.0156667e+01
   2.7200000e+00   2.2255365e+00
   2.7300000e+00  -1.3267554e+01
   2.7400000e+00   9.5469283e-01
   2.7500000e+00   7.8267107e+00
   2.7600000e+00  -6.6188769e-01
   2.7700000e+00  -8.2994056e+00
   2.7800000e+00   3.1366382e+00
   2.7900000e+00  -9.1289670e+00
   2.8000000e+00   5.4594973e+00
   2.8100000e+00   1.8268844e+00
   2.8200000e+00  -6.9777193e+00
   2.8300000e+00   8.1540944e+00
   2.8400000e+00  -2.6199058e+00
   2.8500000e+00   9.5162951e-01
   2.8600000e+00  -1.2943383e+01
   2.8700000e+00   6.1678327e+00
   2.8800000e+00  -5.3788047e+00
   2.8900000e+00   8.7357250e+00
   2.9000000e+00   1.2834197e+00
   2.9100000e+00  -2.6307494e+00
   2.9200000e+00  -2.2983905e+00
   2.9300000e+00  -7.1879395e-01
   2.9400000e+00   2.7106202e+00
   2.9500000e+00  -7.0915632e-01
   2.9600000e+00   2.0121551e+00
   2.9700000e+00  -3.2353760e+00
   2.9800000e+00   2.3492246e+00
   2.9900000e+00   1.0041357e+01
   3.0000000e+00  -5.8240126e+00
   3.0100000e+00  -3.7627118e+00
   3.0200000e+00   4.6939561e+00
   3.0300000e+00  -7.8654621e+00
   3.0400000e+00   3.5815571e+00
   3.0500000e+00  -8.0662912e-01
   3.0600000e+00   9.7771579e+00
   3.0700000e+00  -4.6093521e+00
   3.0800000e+00   7.5522752e+00
   3.0900000e+00  -9.9767354e+00
   3.1000000e+00   1.2965383e+01
   3.1100000e+00  -7.4503142e+00
   3.1200000e+00  -3.9072501e+00
   3.1300000e+00   6.4784805e+00
   3.1400000e+00  -6.8976864e+00
   3.1500000e+00   1.0831014e+01
   3.1600000e+00  -1.4813119e+01
   3.1700000e+00   5.3450088e+00
   3.1800000e+00   1.0699403e+01
   3.1900000e+00  -1.2607226e+01
   3.2000000e+00   7.4480708e+00
   3.2100000e+00   2.0617589e+00
   3.2200000e+00  -4.3969798e+00
   3.2300000e+00  -2.0254802e+00
   3.2400000e+00   7.1045867e+00
   3.2500000e+00  -7.6235478e+00
   3.2600000e+00  -1.4309839e+00
   3.2700000e+00   2.6563673e+00
   3.2800000e+00  -3.1381509e+00
   3.2900000e+00  -1.2635292e+00
   3.3000000e+00   3.1107383e+00
   3.3100000e+00   1.7324444e+00
   3.3200000e+00   1.0522684e+01
   3.3300000e+00  -5.8534785e+00
   3.3400000e+00   3.8570427e+00
   3.3500000e+00  -7.9068803e+00
   3.3600000e+00   2.4830838e+00
   3.3700000e+00  -4.9124757e+00
   3.3800000e+00  -2.3295986e+00
   3.3900000e+00   9.0118797e+00
   3.4000000e+00  -4.2544493e+00
   3.4100000e+00  -6.2647711e+00
   3.4200000e+00  -2.2143490e+00
   3.4300000e+00   7.1838876e+00
   3.4400000e+00  -1.7600241e+00
   3.4500000e+00  -5.3794510e+00
   3.4600000e+00   3.3587873e+00
   3.4700000e+00  -1.3548035e-01
   3.4800000e+00  -2.5631634e+00
   3.4900000e+00   1.3061095e+01
   3.5000000e+00  -9.4575911e+00
   3.5100000e+00  -3.8407317e+00
   3.5200000e+00   5.8351599e+00
   3.5300000e+00  -1.0505906e+01
   3.5400000e+00   8.3782914e+00
   3.5500000e+00  -5.9734782e+00
   3.5600000e+00   1.5623788e+01
   3.5700000e+00  -1.4176325e+01
   3.5800000e+00  -3.3364059e-01
   3.5900000e+00  -8.4636058e-01
   3.6000000e+00  -6.2045019e-01
   3.6100000e+00   5.0210437e+00
   3.6200000e+00   2.2124080e+00
   3.6300000e+00  -2.1521979e+00
   3.6400000e+00  -2.6326396e-01
   3.6500000e+00   2.6855077e+00
   3.6600000e+00   2.8377785e+00
   3.6700000e+00  -8.1571700e+00
   3.6800000e+00   6.9268874e+00
   3.6900000e+00   1.1142560e+00
   3.7000000e+00  -7.5830022e-01
   3.7100000e+00  -8.6350361e-01
   3.7200000e+00   1.7041872e+00
   3.7300000e+00   2.4802780e+00
   3.7400000e+00   2.3673424e+00
   3.7500000e+00  -8.7613743e+00
   3.7600000e+00   5.7985358e+00
   3.7700000e+00   5.8263632e+00
   3.7800000e+00  -3.6610243e+00
   3.7900000e+00  -7.6660014e-01
   3.8000000e+00   4.8203915e+00
   3.8100000e+00  -1.0073936e+00
   3.8200000e+00  -1.1110911e+00
   3.8300000e+00   8.3224209e+00
   3.8400000e+00  -2.6885774e+00
   3.8500000e+00   5.7865501e+00
   3.8600000e+00  -1.6766413e+00
   3.8700000e+00   2.7357990e+00
   3.8800000e+00   3.6777018e+00
   3.8900000e+00   2.2513974e+00
   3.9000000e+00  -8.1756131e+00
   3.9100000e+00   1.0242540e+01
   3.9200000e+00  -3.2362615e-01
   3.9300000e+00  -1.0966442e+00
   3.9400000e+00   5.7183510e+00
   3.9500000e+00   3.3164957e+00
   3.9600000e+00   8.5121769e-01
   3.9700000e+00  -2.2951542e-01
   3.9800000e+00   6.0678512e+00
   3.9900000e+00   3.5545815e+00
   4.0000000e+00  -6.1947550e-01
   4.0100000e+00  -4.5280699e+00
   4.0200000e+00   5.9432242e+00
   4.0300000e+00  -2.2345281e+00
   4.0400000e+00   1.9076612e+00
   4.0500000e+00  -6.9043623e-01
   4.0600000e+00   9.3744379e+00
   4.0700000e+00  -5.4880327e+00
   4.0800000e+00   5.7662986e+00
   4.0900000e+00  -6.2588518e+00
   4.1000000e+00   8.2177058e+00
   4.1100000e+00   2.5414368e+00
   4.1200000e+00  -6.4019355e+00
   4.1300000e+00   6.1680469e+00
   4.1400000e+00   1.4562190e+00
   4.1500000e+00   5.3638125e+00
   4.1600000e+00  -1.4402876e+00
   4.1700000e+00   4.2883044e+00
   4.1800000e+00  -1.6862936e+01
   4.1900000e+00   1.1470780e+01
   4.2000000e+00  -2.0490860e-01
   4.2100000e+00   4.8020893e+00
   4.2200000e+00  -7.9986371e+00
   4.2300000e+00   4.1377881e+00
   4.2400000e+00  -2.0254703e-01
   4.2500000e+00  -1.3703449e+00
   4.2600000e+00   2.8177033e+00
   4.2700000e+00  -3.6444861e+00
   4.2800000e+00   2.7002832e+00
   4.2900000e+00  -6.1054122e+00
   4.3000000e+00   1.1588485e+01
   4.3100000e+00  -1.4342092e+01
   4.3200000e+00   5.7362696e+00
   4.3300000e+00  -7.7387814e-01
   4.3400000e+00  -2.5752004e+00
   4.3500000e+00   7.2774590e+00
   4.3600000e+00   6.8511115e-02
   4.3700000e+00  -8.8558621e+00
   4.3800000e+00   2.8755309e+00
   4.3900000e+00  -5.4291942e+00
   4.4000000e+00  -2.8563438e-01
   4.4100000e+00   1.9120962e+00
   4.4200000e+00  -3.4406248e+00
   4.4300000e+00  -4.4333854e+00
   4.4400000e+00  -5.4051292e+00
   4.4500000e+00   7.4603720e+00
   4.4600000e+00  -1.8217535e+00
   4.4700000e+00   2.3530675e+00
   4.4800000e+00  -1.0234888e+01
   4.4900000e+00   1.6026960e+01
   4.5000000e+00  -2.2911510e+01
   4.5100000e+00   2.4825687e+00
   4.5200000e+00   1.9780883e+00
   4.5300000e+00  -3.7801913e-01
   4.5400000e+00  -1.1880360e+00
   4.5500000e+00  -1.1356778e+00
   4.5600000e+00  -2.7296270e+00
   4.5700000e+00  -6.4471364e+00
   4.5800000e+00   3.6666012e+00
   4.5900000e+00  -6.1439657e+00
   4.6000000e+00   1.9302757e+00
   4.6100000e+00  -4.5081498e+00
   4.6200000e+00  -1.5829607e+00
   4.6300000e+00   1.3676804e+00
   4.6400000e+00  -1.3157067e+01
   4.6500000e+00  -2.9845547e+00
   4.6600000e+00   1.2105018e+01
   4.6700000e+00   3.3717748e+00
   4.6800000e+00  -1.0192610e+01
   4.6900000e+00   4.9568658e+00
   4.7000000e+00  -1.7674977e+01
   4.7100000e+00   1.3454401e+01
   4.7200000e+00  -7.2761055e-01
   4.7300000e+00  -4.4314822e+00
   4.7400000e+00  -1.9331251e-01
   4.7500000e+00  -1.7002085e+00
   4.7600000e+00   9.9973179e-01
   4.7700000e+00  -1.6329184e+00
   4.7800000e+00  -9.1585704e+00
   4.7900000e+00   7.3271066e+00
   4.8000000e+00  -6.4434203e+00
   4.8100000e+00   3.8445689e+00
   4.8200000e+00  -2.4939649e+00
   4.8300000e+00  -1.6838626e+00
   4.8400000e+00  -4.0507978e+00
   4.8500000e+00   1.0393526e+01
   4.8600000e+00  -6.2506417e+00
   4.8700000e+00  -6.2791215e+00
   4.8800000e+00   7.3144633e+00
   4.8900000e+00  -2.7150301e+00
   4.9000000e+00   3.2882491e+00
   4.9100000e+00   3.8279546e+00
   4.9200000e+00  -3.7946186e+00
   4.9300000e+00  -7.3071372e+00
   4.9400000e+00   1.1269888e+01
   4.9500000e+00  -1.0389639e+01
   4.9600000e+00   3.6294104e+00
   4.9700000e+00   2.3174472e+00
   4.9800000e+00  -6.2622234e+00
   4.9900000e+00   7.6002731e+00
   5.0000000e+00   4.4656823e+00
   5.0100000e+00  -5.7057593e+00
   5.0200000e+00   5.1276638e+00
   5.0300000e+00  -4.4097073e+00
   5.0400000e+00  -2.9017982e-02
   5.0500000e+00   4.6001024e+00
   5.0600000e+00  -2.7442871e-01
   5.0700000e+00   4.8469266e+00
   5.0800000e+00  -8.7089133e+00
   5.0900000e+00   7.7222876e+00
   5.1000000e+00  -4.9119384e+00
   5.1100000e+00   4.6537399e+00
   5.1200000e+00   5.5522965e+00
   5.1300000e+00  -1.8246497e+01
   5.1400000e+00   9.1373873e+00
   5.1500000e+00   9.9466703e-01
   5.1600000e+00   1.7646702e+00
   5.1700000e+00  -1.8937810e-01
   5.1800000e+00  -4.4745471e+00
   5.1900000e+00   3.2293305e+00
   5.2000000e+00  -9.4968894e+00
   5.2100000e+00   1.0176327e+01
   5.2200000e+00  -1.8033347e+00
   5.2300000e+00  -4.7366646e-01
   5.2400000e+00   1.9516958e+00
   5.2500000e+00   1.4005578e+00
   5.2600000e+00   7.2043736e-01
   5.2700000e+00  -6.6853187e+00
   5.2800000e+00   4.0271598e+00
   5.2900000e+00  -5.1719276e+00
   5.3000000e+00   4.3665462e+00
   5.3100000e+00   7.1168624e+00
   5.3200000e+00   1.1793593e+00
   5.3300000e+00  -1.2539080e+01
   5.3400000e+00   1.1712553e+01
   5.3500000e+00  -1.1489394e+01
   5.3600000e+00   1.4473203e+00
   5.3700000e+00   3.7278103e-01
   5.3800000e+00   6.2263884e+00
   5.3900000e+00  -8.5635321e+00
   5.4000000e+00   5.1757906e+00
   5.4100000e+00  -3.8583991e+00
   5.4200000e+00  -1.9919234e+00
   5.4300000e+00   1.8147822e+00
   5.4400000e+00   4.8682779e+00
   5.4500000e+00  -5.7982144e+00
   5.4600000e+00   4.4727524e+00
   5.4700000e+00  -4.6156765e+00
   5.4800000e+00  -2.5613699e+00
   5.4900000e+00   9.5418065e+00
   5.5000000e+00  -9.4675828e+00
   5.5100000e+00   8.7706418e-01
   5.5200000e+00   2.2683965e+00
   5.5300000e+00  -7.6726290e+00
   5.5400000e+00   5.3772539e+00
   5.5500000e+00  -1.0244010e-01
   5.5600000e+00  -3.3023637e+00
   5.5700000e+00  -2.3048364e+00
   5.5800000e+00   7.3329084e-01
   5.5900000e+00   5.6938466e+00
   5.6000000e+00  -6.1371973e+00
   5.6100000e+00   5.3268720e+00
   5.6200000e+00  -2.4882071e+00
   5.6300000e+00   7.4729836e+00
   5.6400000e+00  -2.8354780e+00
   5.6500000e+00  -6.4942641e+00
   5.6600000e+00   4.2275899e+00
   5.6700000e+00   7.2262057e+00
   5.6800000e+00  -9.1187910e+00
   5.6900000e+00   1.7382257e+00
   5.7000000e+00   4.5894129e+00
   5.7100000e+00   3.5909184e+00
   5.7200000e+00   9.4708503e-01
   5.7300000e+00  -3.4085881e+00
   5.7400000e+00   1.6807107e+00
   5.7500000e+00   7.5111876e+00
   5.7600000e+00  -3.4830309e+00
   5.7700000e+00   9.0709797e-01
   5.7800000e+00   4.3455358e+00
   5.7900000e+00  -4.7929010e+00
   5.8000000e+00  -1.1964764e+00
   5.8100000e+00   1.8870363e+00
   5.8200000e+00   5.1663352e+00
   5.8300000e+00  -2.6214986e-01
   5.8400000e+00   6.1271740e+00
   5.8500000e+00   1.6239150e+00
   5.8600000e+00  -5.9698811e+00
   5.8700000e+00   1.1422446e+01
   5.8800000e+00  -3.4157872e+00
   5.8900000e+00  -9.1267797e-01
   5.9000000e+00  -2.6183599e+00
   5.9100000e+00   7.2431163e+00
   5.9200000e+00   5.5111191e+00
   5.9300000e+00  -1.0380789e+00
   5.9400000e+00  -1.5815942e+00
   5.9500000e+00   6.3116306e+00
   5.9600000e+00  -3.6254700e+00
   5.9700000e+00   1.0403372e+01
   5.9800000e+00  -5.8402468e+00
   5.9900000e+00  -2.4895313e+00
   6.0000000e+00   5.8625372e+00
   6.0100000e+00   7.3166590e+00
   6.0200000e+00  -1.4328446e+00
   6.0300000e+00  -2.9534029e+00
   6.0400000e+00   5.8543008e+00
   6.0500000e+00   2.8227858e+00
   6.0600000e+00  -7.1109714e+00
   6.0700000e+00   9.1242585e+00
   6.0800000e+00  -3.5456710e-01
   6.0900000e+00   6.2704927e+00
   6.1000000e+00  -3.1128949e+00
   6.1100000e+00   3.1306240e+00
   6.1200000e+00   3.9356052e+00
   6.1300000e+00  -4.6356412e+00
   6.1400000e+00   3.6188178e+00
   6.1500000e+00  -9.9855293e-01
   6.1600000e+00   2.3192274e+00
   6.1700000e+00  -7.3744392e+00
   6.1800000e+00   1.3908121e+01
   6.1900000e+00  -9.6286036e+00
   6.2000000e+00  -9.7245193e-01
   6.2100000e+00   1.1856211e+01
   6.2200000e+00  -8.7390457e+00
   6.2300000e+00  -6.9873426e-01
   6.2400000e+00   3.1381214e+00
   6.2500000e+00   8.3991146e-01
   6.2600000e+00  -4.2603943e+00
   6.2700000e+00   5.1798511e+00
   6.2800000e+00  -4.4428410e+00
   6.2900000e+00   7.3764646e+00
   6.3000000e+00  -2.3846600e+00
   6.3100000e+00  -1.3300319e+01
   6.3200000e+00   1.5202337e+01
   6.3300000e+00  -1.0264532e+01
   6.3400000e+00   1.7912200e+00
   6.3500000e+00   4.6767286e+00
   6.3600000e+00   2.5304352e-01
   6.3700000e+00  -1.6449416e+00
   6.3800000e+00  -3.8390220e+00
   6.3900000e+00  -2.5190969e+00
   6.4000000e+00   7.4663658e+00
   6.4100000e+00  -8.3648372e+00
   6.4200000e+00  -6.5693839e+00
   6.4300000e+00   1.7646052e+00
   6.4400000e+00  -1.9238191e+00
   6.4500000e+00   2.3170552e+00
   6.4600000e+00  -4.8579276e+00
   6.4700000e+00   1.2157080e+00
   6.4800000e+00  -4.7376654e+00
   6.4900000e+00  -2.9362075e+00
   6.5000000e+00  -4.3138262e+00
   6.5100000e+00   1.1885812e+00
   6.5200000e+00   7.0830673e-01
   6.5300000e+00  -2.0205618e+00
   6.5400000e+00  -3.2491139e+00
   6.5500000e+00   2.0848910e+00
   6.5600000e+00  -4.6502563e+00
   6.5700000e+00  -5.5612039e+00
   6.5800000e+00  -1.8369025e+00
   6.5900000e+00   4.9576428e+00
   6.6000000e+00  -4.0836125e+00
   6.6100000e+00   8.1992164e-01
   6.6200000e+00  -1.3267804e+01
   6.6300000e+00   6.7925574e+00
   6.6400000e+00  -7.5348720e+00
   6.6500000e+00   4.1141764e+00
   6.6600000e+00  -2.0511299e+00
   6.6700000e+00  -8.2090226e+00
   6.6800000e+00   1.3182431e+01
   6.6900000e+00  -9.6403867e+00
   6.7000000e+00   4.5575545e+00
   6.7100000e+00  -1.2219917e+01
   6.7200000e+00   6.3101749e+00
   6.7300000e+00  -8.3976394e+00
   6.7400000e+00   6.8493008e+00
   6.7500000e+00  -1.2900279e+00
   6.7600000e+00  -9.5103287e+00
   6.7700000e+00   6.3321729e+00
   6.7800000e+00  -6.2453440e+00
   6.7900000e+00   5.7353364e+00
   6.8000000e+00   1.3873416e+00
   6.8100000e+00  -2.9774870e+00
   6.8200000e+00  -1.1825498e+00
   6.8300000e+00  -2.2576882e+00
   6.8400000e+00  -2.8395851e+00
   6.8500000e+00   4.2423204e+00
   6.8600000e+00  -2.6409313e+00
   6.8700000e+00   1.5091549e+00
   6.8800000e+00  -1.4351268e+01
   6.8900000e+00   2.2522161e+01
   6.9000000e+00  -1.2496941e+01
   6.9100000e+00   1.0116956e+01
   6.9200000e+00  -7.6579609e+00
   6.9300000e+00  -2.3558980e+00
   6.9400000e+00   8.1110008e+00
   6.9500000e+00  -9.9367065e+00
   6.9600000e+00   8.3478376e+00
   6.9700000e+00  -1.0938809e+00
   6.9800000e+00   3.1780150e+00
   6.9900000e+00  -1.8089575e+00
   7.0000000e+00   4.7059610e+00
   7.0100000e+00  -1.9607177e+00
   7.0200000e+00  -9.1703193e+00
   7.0300000e+00   9.0972666e+00
   7.0400000e+00  -2.4005560e+00
   7.0500000e+00  -6.0266667e+00
   7.0600000e+00   1.5137802e+01
   7.0700000e+00  -1.8185716e+01
   7.0800000e+00   1.3898815e+01
   7.0900000e+00  -1.0061645e+01
   7.1000000e+00   8.4962149e+00
   7.1100000e+00  -1.0503898e+01
   7.1200000e+00   8.7697132e+00
   7.1300000e+00  -5.2170836e+00
   7.1400000e+00   2.6246409e+00
   7.1500000e+00   1.2964009e+00
   7.1600000e+00  -1.1155918e+00
   7.1700000e+00   2.5507775e+00
   7.1800000e+00   3.1274103e+00
   7.1900000e+00   1.4853519e+00
   7.2000000e+00  -4.7049279e-01
   7.2100000e+00  -1.8167821e+00
   7.2200000e+00   2.5752450e+00
   7.2300000e+00  -9.1942621e+00
   7.2400000e+00   8.2345981e+00
   7.2500000e+00  -2.5276483e+00
   7.2600000e+00   1.2911841e+00
   7.2700000e+00  -3.0277482e+00
   7.2800000e+00   1.1980772e+00
   7.2900000e+00  -2.8479184e+00
   7.3000000e+00   2.7928202e+00
   7.3100000e+00   8.1595270e-01
   7.3200000e+00  -5.1397928e-01
   7.3300000e+00  -2.5322072e+00
   7.3400000e+00   3.4019207e+00
   7.3500000e+00   3.4164195e+00
   7.3600000e+00  -5.6434262e-01
   7.3700000e+00  -1.3180142e+00
   7.3800000e+00  -7.5265087e+00
   7.3900000e+00   2.8662240e+00
   7.4000000e+00   4.0787333e+00
   7.4100000e+00  -3.8415229e+00
   7.4200000e+00   5.4656036e+00
   7.4300000e+00  -1.1618282e+01
   7.4400000e+00   3.5033901e+00
   7.4500000e+00   4.4896123e+00
   7.4600000e+00  -4.6814602e+00
   7.4700000e+00   3.6773935e-01
   7.4800000e+00  -1.3429269e+00
   7.4900000e+00  -4.1080132e+00
   7.5000000e+00   4.5710115e+00
   7.5100000e+00  -5.8257898e-01
   7.5200000e+00   4.1784335e+00
   7.5300000e+00   4.6857902e-01
   7.5400000e+00  -5.8343569e+00
   7.5500000e+00  -9.8778365e-02
   7.5600000e+00  -3.7084880e+00
   7.5700000e+00   4.5040288e-01
   7.5800000e+00  -5.4356464e+00
   7.5900000e+00   1.7796517e+01
   7.6000000e+00  -1.4776516e+01
   7.6100000e+00   1.0580301e+01
   7.6200000e+00  -2.5224991e+00
   7.6300000e+00   2.8313162e+00
   7.6400000e+00  -1.1564738e+01
   7.6500000e+00   1.7611764e+01
   7.6600000e+00  -9.3313060e+00
   7.6700000e+00   2.9311722e+00
   7.6800000e+00  -2.5788673e+00
   7.6900000e+00   2.3105649e-01
   7.7000000e+00  -2.0070072e+00
   7.7100000e+00   2.9856337e+00
   7.7200000e+00   2.0964209e+00
   7.7300000e+00   2.0854157e+00
   7.7400000e+00  -6.7835611e+00
   7.7500000e+00   7.8426779e+00
   7.7600000e+00   2.8397629e+00
   7.7700000e+00  -6.3830146e+00
   7.7800000e+00   1.2567327e+01
   7.7900000e+00   1.2406861e+00
   7.8000000e+00  -5.6045494e+00
   7.8100000e+00  -5.0659639e-01
   7.8200000e+00   4.0061553e+00
   7.8300000e+00   3.4762843e-01
   7.8400000e+00   5.4921296e+00
   7.8500000e+00   7.8545683e+00
   7.8600000e+00  -1.1895756e+01
   7.8700000e+00   5.1597107e+00
   7.8800000e+00  -2.2552793e+00
   7.8900000e+00   9.8164783e+00
   7.9000000e+00  -1.5754023e-01
   7.9100000e+00  -3.5155580e+00
   7.9200000e+00   8.9946471e+00
   7.9300000e+00  -6.5597516e+00
   7.9400000e+00   1.4450818e+01
   7.9500000e+00  -8.9618014e+00
   7.9600000e+00  -4.3613314e-01
   7.9700000e+00   7.7055779e+00
   7.9800000e+00   5.0453274e+00
   7.9900000e+00  -1.7564479e+00
   8.0000000e+00   4.6036336e+00
   8.0100000e+00   3.1894949e-02
   8.0200000e+00  -7.4890869e+00
   8.0300000e+00   7.0790658e+00
   8.0400000e+00   1.5306486e+00
   8.0500000e+00   1.3573412e+01
   8.0600000e+00  -1.1698959e+01
   8.0700000e+00  -1.0633076e+00
   8.0800000e+00   1.7757794e+00
   8.0900000e+00   1.3624790e+01
   8.1000000e+00  -8.2774679e+00
   8.1100000e+00   4.6707209e+00
   8.1200000e+00  -2.6210502e+00
   8.1300000e+00   4.1003632e+00
   8.1400000e+00  -3.4104154e+00
   8.1500000e+00  -7.4844033e-01
   8.1600000e+00   6.2290859e+00
   8.1700000e+00   1.8546166e+00
   8.1800000e+00   1.6987455e+00
   8.1900000e+00   7.3781575e+00
   8.2000000e+00  -1.4736212e+01
   8.2100000e+00   1.0929841e+01
   8.2200000e+00  -1.1606979e+01
   8.2300000e+00   4.8443756e+00
   8.2400000e+00   6.5611924e+00
   8.2500000e+00  -7.2471404e-01
   8.2600000e+00  -3.8352994e+00
   8.2700000e+00   4.3776445e+00
   8.2800000e+00   4.8238393e+00
   8.2900000e+00  -7.7554063e+00
   8.3000000e+00  -3.8151810e+00
   8.3100000e+00   1.5706703e+00
   8.3200000e+00   2.4278204e+00
   8.3300000e+00  -4.6613084e+00
   8.3400000e+00   3.8126989e+00
   8.3500000e+00  -8.8492847e+00
   8.3600000e+00   3.5975640e+00
   8.3700000e+00  -1.3302887e+00
   8.3800000e+00   9.4126449e-01
   8.3900000e+00  -5.9364009e+00
   8.4000000e+00   2.4141463e+00
   8.4100000e+00   4.8067922e+00
   8.4200000e+00  -8.1767065e+00
   8.4300000e+00   2.8404857e+00
   8.4400000e+00  -7.1058546e+00
   8.4500000e+00  -1.2938144e+00
   8.4600000e+00   5.1996250e+00
   8.4700000e+00  -7.7010501e+00
   8.4800000e+00   1.9824120e+00
   8.4900000e+00  -1.0694107e+01
   8.5000000e+00   1.0572075e+01
   8.5100000e+00  -3.6101663e+00
   8.5200000e+00  -3.8037956e+00
   8.5300000e+00  -3.2481706e+00
   8.5400000e+00   6.9616392e+00
   8.5500000e+00  -1.0044286e+01
   8.5600000e+00  -1.1231247e+00
   8.5700000e+00  -4.7187654e+00
   8.5800000e+00  -6.1267273e+00
   8.5900000e+00   3.4360313e-01
   8.6000000e+00   6.5720067e+00
   8.6100000e+00  -1.1217901e+01
   8.6200000e+00   2.8887716e-01
   8.6300000e+00   5.9376430e+00
   8.6400000e+00   3.6847531e-01
   8.6500000e+00  -5.0920981e+00
   8.6600000e+00  -1.0705199e+01
   8.6700000e+00   2.3607030e+00
   8.6800000e+00   1.3304735e+00
   8.6900000e+00   1.3025397e+00
   8.7000000e+00  -1.0760923e+01
   8.7100000e+00   1.1982149e+01
   8.7200000e+00  -1.4305410e+01
   8.7300000e+00   1.1411697e+01
   8.7400000e+00  -9.0794254e+00
   8.7500000e+00   1.9584992e+00
   8.7600000e+00  -5.7225458e+00
   8.7700000e+00  -1.5140676e+00
   8.7800000e+00  -2.2128776e+00
   8.7900000e+00   4.6704409e+00
   8.8000000e+00   5.5754603e+00
   8.8100000e+00  -9.1111899e+00
   8.8200000e+00   4.5071464e+00
   8.8300000e+00  -3.8869289e+00
   8.8400000e+00  -3.6507171e+00
   8.8500000e+00   2.6930459e+00
   8.8600000e+00  -2.7619647e-02
   8.8700000e+00   7.3791417e+00
   8.8800000e+00  -7.7045809e+00
   8.8900000e+00  -3.0860511e+00
   8.9000000e+00   5.2032277e+00
   8.9100000e+00  -5.2349417e-02
   8.9200000e+00   1.2049520e+00
   8.9300000e+00  -5.7948986e+00
   8.9400000e+00   1.4096294e+00
   8.9500000e+00  -1.8058699e+00
   8.9600000e+00   2.7261343e+00
   8.9700000e+00  -2.3765523e+00
   8.9800000e+00   7.1113466e+00
   8.9900000e+00  -1.3070150e+00
   9.0000000e+00   4.5526296e+00
   9.0100000e+00  -5.4112973e+00
   9.0200000e+00  -3.0717048e+00
   9.0300000e+00   6.7685885e+00
   9.0400000e+00  -2.5211448e-01
   9.0500000e+00  -8.6831557e-01
   9.0600000e+00  -5.6754903e-01
   9.0700000e+00   1.1587883e+00
   9.0800000e+00   3.2161425e+00
   9.0900000e+00  -3.5751250e+00
   9.1000000e+00  -2.9927424e-01
   9.1100000e+00   1.0166600e+00
   9.1200000e+00   2.1617777e+00
   9.1300000e+00  -2.1619436e+00
   9.1400000e+00   4.6654717e+00
   9.1500000e+00   4.3492414e+00
   9.1600000e+00  -1.1417071e+01
   9.1700000e+00   2.1868003e+00
   9.1800000e+00   2.3198316e+00
   9.1900000e+00  -1.8959868e+00
   9.2000000e+00  -4.1706673e+00
   9.2100000e+00   1.3589961e+01
   9.2200000e+00  -8.6073622e+00
   9.2300000e+00   2.4384150e+00
   9.2400000e+00  -2.6878251e+00
   9.2500000e+00  -1.9116782e+00
   9.2600000e+00   1.0263712e+01
   9.2700000e+00  -1.1397152e+01
   9.2800000e+00   6.0849744e+00
   9.2900000e+00   1.3214764e+00
   9.3000000e+00  -6.7031173e+00
   9.3100000e+00   9.9540075e+00
   9.3200000e+00  -2.4535721e+00
   9.3300000e+00  -3.8894778e+00
   9.3400000e+00  -4.3129362e+00
   9.3500000e+00   4.3711497e+00
   9.3600000e+00  -5.4695826e+00
   9.3700000e+00   7.6663371e+00
   9.3800000e+00  -1.0883131e+01
   9.3900000e+00   8.9224324e+00
   9.4000000e+00   5.9928211e+00
   9.4100000e+00  -1.0550624e+01
   9.4200000e+00   1.0060587e+01
   9.4300000e+00  -1.2553800e+01
   9.4400000e+00   7.7637183e+00
   9.4500000e+00  -1.9296660e+00
   9.4600000e+00  -1.6830341e+00
   9.4700000e+00  -2.3298469e+00
   9.4800000e+00   2.9187360e+00
   9.4900000e+00  -7.3789920e+00
   9.5000000e+00   5.4253425e+00
   9.5100000e+00  -9.7586267e+00
   9.5200000e+00   9.1946304e+00
   9.5300000e+00  -9.1934169e+00
   9.5400000e+00   3.5655489e+00
   9.5500000e+00   4.3967174e+00
   9.5600000e+00   2.2656941e+00
   9.5700000e+00  -3.4515791e+00
   9.5800000e+00  -1.5385324e+00
   9.5900000e+00   2.0547741e+00
   9.6000000e+00   1.6560655e+00
   9.6100000e+00  -5.9638393e-01
   9.6200000e+00   1.3891825e+00
   9.6300000e+00  -4.8489860e+00
   9.6400000e+00  -6.6548638e+00
   9.6500000e+00   5.1863347e+00
   9.6600000e+00   7.8259416e+00
   9.6700000e+00  -8.0127263e+00
   9.6800000e+00   2.2469356e+00
   9.6900000e+00   4.3325708e-01
   9.7000000e+00  -2.2685289e+00
   9.7100000e+00   3.7361764e+00
   9.7200000e+00   3.6809950e+00
   9.7300000e+00   5.8750630e+00
   9.7400000e+00  -7.0155719e-01
   9.7500000e+00  -2.0596532e+00
   9.7600000e+00  -2.2991126e+00
   9.7700000e+00   5.4745184e+00
   9.7800000e+00  -5.9405849e+00
   9.7900000e+00   8.5964266e+00
   9.8000000e+00   4.3831068e-01
   9.8100000e+00  -2.6927057e+00
   9.8200000e+00   1.5713069e+01
   9.8300000e+00  -2.0442760e+01
   9.8400000e+00   1.5978183e+01
   9.8500000e+00   5.1946660e-01
   9.8600000e+00  -2.1790872e+00
   9.8700000e+00   1.4208589e+01
   9.8800000e+00  -1.2667015e+01
   9.8900000e+00   2.7224281e+00
   9.9000000e+00   3.3388012e+00
   9.9100000e+00   6.6349106e+00
   9.9200000e+00  -1.1932664e+01
   9.9300000e+00   2.2961561e+01
   9.9400000e+00  -1.0900498e+01
   9.9500000e+00   2.2342585e+00
   9.9600000e+00   8.0147620e+00
   9.9700000e+00   2.9077155e+00
   9.9800000e+00  -1.7493654e+00
   9.9900000e+00  -5.0432886e+00
